First temperature 6.6
1881:
(96, 1, 166, 255)
1882:
(161, 27, 155, 255)
1883:
(126, 3, 168, 255)
1884:
(177, 42, 144, 255)
1885:
(135, 7, 166, 255)
1886:
(161, 27, 155, 255)
1887:
(13, 8, 135, 255)
1888:
(55, 4, 153, 255)
1889:
(76, 2, 161, 255)
1890:
(86, 1, 164, 255)
1891:
(86, 1, 164, 255)
1892:
(126, 3, 168, 255)
1893:
(135, 7, 166, 255)
1894:
(153, 21, 159, 255)
1895:
(76, 2, 161, 255)
1896:
(76, 2, 161, 255)
1897:
(143, 13, 164, 255)
1898:
(183, 49, 138, 255)
1899:
(135, 7, 166, 255)
1900:
(177, 42, 144, 255)
1901:
(116, 1, 168, 255)
1902:
(116, 1, 168, 255)
1903:
(183, 49, 138, 255)
1904:
(197, 64, 126, 255)
1905:
(153, 21, 159, 255)
1906:
(170, 35, 149, 255)
1907:
(153, 21, 159, 255)
1908:
(96, 1, 166, 255)
1909:
(96, 1, 166, 255)
1910:
(177, 42, 144, 255)
1911:
(220, 93, 103, 255)
1912:
(135, 7, 166, 255)
1913:
(183, 49, 138, 255)
1914:
(170, 35, 149, 255)
1915:
(170, 35, 149, 255)
1916:
(209, 78, 114, 255)
1917:
(126, 3, 168, 255)
1918:
(204, 71, 120, 255)
1919:
(116, 1, 168, 255)
1920:
(214, 85, 109, 255)
1921:
(225, 100, 98, 255)
1922:
(106, 0, 168, 255)
1923:
(191, 57, 132, 255)
1924:
(106, 0, 168, 255)
1925:
(170, 35, 149, 255)
1926:
(209, 78, 114, 255)
1927:
(177, 42, 144, 255)
1928:
(204, 71, 120, 255)
1929:
(106, 0, 168, 255)
1930:
(214, 85, 109, 255)
1931:
(96, 1, 166, 255)
1932:
(170, 35, 149, 255)
1933:
(96, 1, 166, 255)
1934:
(242, 132, 75, 255)
1935:
(183, 49, 138, 255)
1936:
(191, 57, 132, 255)
1937:
(204, 71, 120, 255)
1938:
(183, 49, 138, 255)
1939:
(161, 27, 155, 255)
1940:
(29, 6, 142, 255)
1941:
(76, 2, 161, 255)
1942:
(106, 0, 168, 255)
1943:
(220, 93, 103, 255)
1944:
(161, 27, 155, 255)
1945:
(214, 85, 109, 255)
1946:
(197, 64, 126, 255)
1947:
(220, 93, 103, 255)
1948:
(225, 100, 98, 255)
1949:
(230, 108, 92, 255)
1950:
(214, 85, 109, 255)
1951:
(214, 85, 109, 255)
1952:
(170, 35, 149, 255)
1953:
(209, 78, 114, 255)
1954:
(126, 3, 168, 255)
1955:
(116, 1, 168, 255)
1956:
(29, 6, 142, 255)
1957:
(197, 64, 126, 255)
1958:
(177, 42, 144, 255)
1959:
(214, 85, 109, 255)
1960:
(191, 57, 132, 255)
1961:
(220, 93, 103, 255)
1962:
(76, 2, 161, 255)
1963:
(76, 2, 161, 255)
1964:
(170, 35, 149, 255)
1965:
(106, 0, 168, 255)
1966:
(204, 71, 120, 255)
1967:
(209, 78, 114, 255)
1968:
(161, 27, 155, 255)
1969:
(143, 13, 164, 255)
1970:
(143, 13, 164, 255)
1971:
(177, 42, 144, 255)
1972:
(135, 7, 166, 255)
1973:
(153, 21, 159, 255)
1974:
(209, 78, 114, 255)
1975:
(209, 78, 114, 255)
1976:
(191, 57, 132, 255)
1977:
(209, 78, 114, 255)
1978:
(126, 3, 168, 255)
1979:
(170, 35, 149, 255)
1980:
(126, 3, 168, 255)
1981:
(177, 42, 144, 255)
1982:
(214, 85, 109, 255)
1983:
(220, 93, 103, 255)
1984:
(143, 13, 164, 255)
1985:
(106, 0, 168, 255)
1986:
(161, 27, 155, 255)
1987:
(135, 7, 166, 255)
1988:
(225, 100, 98, 255)
1989:
(230, 108, 92, 255)
1990:
(234, 116, 87, 255)
1991:
(170, 35, 149, 255)
1992:
(238, 123, 81, 255)
1993:
(209, 78, 114, 255)
1994:
(253, 197, 39, 255)
1995:
(214, 85, 109, 255)
1996:
(106, 0, 168, 255)
1997:
(214, 85, 109, 255)
1998:
(230, 108, 92, 255)
1999:
(234, 116, 87, 255)
2000:
(252, 166, 54, 255)
2001:
(225, 100, 98, 255)
2002:
(250, 158, 59, 255)
2003:
(245, 140, 70, 255)
2004:
(220, 93, 103, 255)
2005:
(209, 78, 114, 255)
2006:
(238, 123, 81, 255)
2007:
(252, 166, 54, 255)
2008:
(242, 132, 75, 255)
2009:
(234, 116, 87, 255)
2010:
(161, 27, 155, 255)
2011:
(248, 149, 64, 255)
2012:
(234, 116, 87, 255)
2013:
(214, 85, 109, 255)
2014:
(250, 216, 36, 255)
2015:
(253, 197, 39, 255)
2016:
(248, 149, 64, 255)
2017:
(245, 140, 70, 255)
2018:
(240, 249, 33, 255)
2019:
(252, 206, 37, 255)
2020:
(252, 206, 37, 255)
